0
0 1 4 9 8 3
0 2 7 10 6 1
1
2 3 8 14 13 7
3 6 14 18 13 5
2
4 5 10 16 15 9
4 8 16 19 15 7
3
6 7 13 19 18 12
9 13 21 26 20 12
4
8 9 15 21 20 14
10 15 23 27 22 14
5
10 11 17 23 22 16
11 17 25 28 24 16
6
13 14 20 26 25 19
18 22 31 35 30 21
7
15 16 22 28 27 21
19 24 33 36 32 23
8
18 19 25 31 30 24
26 30 38 43 37 29
9
20 21 27 33 32 26
27 32 40 44 39 31
10
22 23 29 35 34 28
28 34 42 45 41 33
11
25 26 32 38 37 31
35 39 28 52 47 38
12
27 28 34 40 39 33
36 41 50 53 49 40
13
30 31 37 43 42 26
43 47 55 60 54 46
14
32 33 39 45 44 38
44 49 57 61 56 48
15
34 35 41 47 46 40
45 51 59 62 58 50
16
37 38 44 49 48 43
52 56 64 67 63 55
17
39 40 46 51 50 45
53 58 66 68 65 57
18
44 45 50 53 52 49
61 65 70 71 69 64
